const shinningStarData = [
  0, 0, 0, 0, 0, 1, 0, 0, 2, 0, 0, 3, 0, 0, 0, 0, 4, 0, 0, 5, 0, 0, 6, 0, 7, 0,
  0, 0, 0, 0, 8, 0, 0, 0, 7, 0, 0, 0, 7, 0, 0, 3, 8, 0, 0, 9, 0, 0, 0, 5, 0, 0,
  0, 1, 0, 0, 6, 0, 8, 0, 2, 0, 0, 0, 4, 0, 6, 0, 0, 0, 0, 7, 2, 0, 0, 0, 0, 9,
  0, 6, 0,
];
const evilPuzzleData = [
  9, 0, 0, 0, 4, 3, 1, 6, 0, 0, 0, 0, 0, 0, 2, 0, 0, 0, 0, 0, 8, 0, 0, 0, 0, 9,
  0, 8, 0, 0, 0, 1, 9, 3, 0, 0, 0, 5, 0, 0, 0, 0, 0, 0, 7, 0, 0, 0, 6, 0, 0, 0,
  0, 0, 0, 0, 0, 8, 0, 0, 6, 0, 0, 0, 0, 7, 0, 6, 4, 0, 0, 3, 4, 0, 0, 2, 0, 0,
  0, 0, 0,
];
const hardPuzzleData = [
  1, 0, 0, 6, 0, 5, 0, 0, 9, 0, 0, 0, 0, 0, 0, 0, 0, 0, 0, 5, 3, 0, 1, 0, 8, 4,
  0, 0, 0, 0, 9, 5, 1, 0, 0, 0, 0, 0, 0, 0, 6, 0, 0, 0, 0, 0, 0, 2, 0, 8, 0, 6,
  0, 0, 6, 0, 7, 0, 0, 0, 9, 0, 5, 3, 0, 0, 8, 0, 7, 0, 0, 2, 0, 0, 9, 0, 0, 0,
  1, 0, 0,
];
const escargotAiData = [
  1, 0, 0, 0, 0, 7, 0, 9, 0, 0, 3, 0, 0, 2, 0, 0, 0, 8, 0, 0, 9, 6, 0, 0, 5, 0,
  0, 0, 0, 5, 3, 0, 0, 9, 0, 0, 0, 1, 0, 0, 8, 0, 0, 0, 2, 6, 0, 0, 0, 0, 4, 0,
  0, 0, 3, 0, 0, 0, 0, 0, 0, 1, 0, 0, 4, 0, 0, 0, 0, 0, 0, 7, 0, 0, 7, 0, 0, 0,
  3, 0, 0,
];